150.745	18.3955
150.938	22.4473
150.745	22.9335
150.166	23.7439
150.166	23.906
150.166	24.0681
150.166	24.3922
150.166	24.7164
149.972	25.2026
149.972	25.6888
149.972	26.175
150.166	26.6613
150.166	26.8233
150.166	27.3096
150.166	29.0924
150.166	31.1994
150.166	31.5235
150.166	31.8476
150.359	34.4408
151.903	37.034
152.097	37.5203
152.097	38.3306
152.097	38.3306
151.903	38.4927
151.903	44.3274
151.903	50.3241
151.903	50.6483
151.903	50.9724
151.903	51.7828
151.903	52.5932
151.903	53.0794
151.71	53.5656
151.903	54.7002
151.903	56.1588
151.903	57.9417
151.903	59.7245
151.903	59.8865
151.903	60.3728
151.903	61.1831
151.903	61.9935
151.903	62.8039
151.903	63.6143
151.903	63.6143
151.71	63.7763
152.29	64.5867
152.29	65.5592
152.29	65.7212
152.29	65.8833
152.29	66.3695
151.903	66.8558
152.29	67.5041
152.29	68.1524
152.29	68.6386
152.29	69.1248
152.483	73.1767
152.483	77.2285
152.483	78.0389
152.483	78.8493
152.483	79.4976
152.483	80.1459
152.483	80.47
152.483	80.7942
152.483	81.7666
152.483	82.7391
152.29	82.9011
152.29	83.3874
152.483	83.7115
152.483	84.3598
152.483	84.5219
150.166	85.0081
149.972	85.4943
149.972	85.9806
149.972	90.1945
149.972	90.6807
150.552	89.3841
150.552	89.222
150.552	89.06
150.552	88.8979
150.552	88.4117
150.552	87.7634
150.552	87.4392
150.552	87.1151
150.552	85.8185
150.745	84.5219
150.745	84.0357
150.745	83.5494
150.745	82.9011
150.745	82.2528
150.745	81.6045
150.552	80.9562
142.634	80.47
142.248	79.9838
141.862	78.8493
141.862	77.7147
141.862	77.0665
141.862	76.4182
141.862	75.7699
141.862	75.2836
141.669	74.4733
141.476	73.3387
140.51	73.0146
141.283	72.5284
141.476	70.9076
141.862	70.9076
142.248	70.9076
142.441	70.9076
142.441	70.9076
142.441	70.9076
142.248	71.2318
140.51	71.5559
140.317	71.5559
140.317	71.3938
140.317	71.3938
140.317	71.3938
133.172	71.2318
132.786	70.9076
130.083	70.5835
129.89	70.5835
130.083	70.2593
130.083	69.9352
130.083	69.7731
130.083	69.611
130.083	68.3144
130.083	66.8558
130.083	64.1005
130.083	61.1831
130.083	52.269
129.89	43.3549
124.29	34.765
124.097	26.175
123.324	24.7164
122.166	23.2577
121.779	22.7715
121.779	22.2853
121.393	20.6645
121.2	18.8817
121.2	17.7472
121.2	16.4506
120.814	15.9643
121.779	15.4781
121.586	14.3436
121.007	13.2091
121.007	12.7229
121.007	12.2366
119.848	11.9125
119.848	11.5883
119.848	10.778
119.848	10.1297
119.848	9.96759
119.848	9.80551
119.848	9.64344
119.848	9.48136
119.848	9.48136
119.655	9.48136
109.807	9.48136
109.807	9.48136
109.614	9.48136
109.614	9.64344
109.614	9.64344
109.614	9.64344
109.614	9.64344
109.614	9.64344
99.5724	9.48136
99.5724	9.31929
99.5724	9.48136
99.5724	9.48136
93.2	9.31929
92.8138	9.31929
91.8483	9.31929
90.6897	9.48136
90.3034	9.48136
90.4966	9.48136
90.6897	9.48136
90.8828	9.48136
90.8828	9.48136
91.0759	9.48136
85.4759	9.31929
85.2828	9.31929
85.2828	9.15721
85.0897	9.15721
84.8966	9.15721
84.8966	9.15721
84.7034	9.15721
84.7034	9.31929
84.5103	9.31929
84.5103	9.31929
84.3172	9.31929
84.3172	9.31929
83.5448	9.31929
82.7724	9.31929
81.4207	9.31929
78.9103	9.31929
78.331	9.31929
78.1379	9.31929
77.5586	9.31929
77.3655	9.48136
74.8552	9.15721
72.3448	9.15721
72.1517	8.99514
71.5724	8.99514
71.7655	8.99514
71.9586	8.99514
71.9586	8.99514
72.1517	8.83306
72.1517	8.83306
72.3448	8.83306
72.3448	8.83306
72.3448	8.67099
72.5379	8.67099
72.731	8.67099
73.1172	8.67099
73.1172	8.67099
73.5034	8.67099
73.6966	8.83306
73.5034	8.99514
73.6966	8.83306
73.6966	8.50891
73.6966	8.50891
73.6966	8.50891
73.6966	8.67099
73.6966	8.99514
73.6966	8.99514
73.5034	8.99514
74.0828	8.99514
74.2759	8.99514
74.8552	8.99514
75.0483	8.99514
77.3655	8.83306
77.5586	8.83306
77.5586	8.83306
77.5586	8.34684
77.5586	8.83306
77.7517	8.83306
78.7172	8.83306
79.1034	8.83306
79.1034	8.83306
79.1034	8.83306
79.2966	8.83306
84.7034	8.83306
84.8966	8.50891
84.8966	8.99514
84.8966	8.99514
84.8966	8.99514
88.5655	8.99514
89.3379	8.99514
88.9517	8.99514
88.9517	8.83306
88.9517	8.83306
89.1448	8.83306
90.3034	8.83306
91.8483	8.83306
99.3793	8.50891
99.3793	8.99514
99.3793	8.99514
109.421	8.83306
109.421	8.50891
129.89	8.34684
129.89	8.34684
129.89	8.67099
129.697	8.83306
129.697	8.83306
129.697	8.83306
125.834	8.83306
132.4	8.83306
132.593	8.34684
133.172	8.67099
133.366	8.67099
133.559	8.67099
134.331	8.02269
135.103	8.34684
135.49	8.67099
135.876	8.50891
137.034	8.34684
138.193	8.34684
138.772	8.34684
139.545	8.34684
140.124	8.34684
140.317	8.34684
141.476	8.34684
142.828	8.34684
142.828	8.34684
143.021	8.34684
144.179	8.34684
144.372	8.34684
143.793	8.34684
144.372	8.34684
144.372	8.34684
144.372	8.34684
144.372	8.34684
144.566	8.34684
144.566	8.34684
144.759	8.34684
144.952	8.34684
145.145	8.50891
145.145	8.50891
145.145	8.67099
145.145	9.15721
145.145	9.15721
145.145	8.99514
145.531	8.34684
145.724	8.34684
145.724	8.34684
146.497	8.34684
147.462	8.34684
148.234	8.34684
148.814	8.34684
149.007	8.34684
149.007	8.34684
149.2	8.34684
153.255	8.34684
153.255	8.34684
153.255	8.34684
153.255	8.34684
153.255	8.34684
153.255	8.34684
153.448	8.34684
153.448	8.34684
153.448	8.34684
153.641	8.34684
153.641	8.67099
153.834	8.99514
153.834	8.99514
154.028	9.15721
154.221	9.31929
154.221	9.48136
154.414	8.34684
154.607	8.34684
154.8	8.34684
154.8	8.34684
154.8	8.34684
154.993	8.34684
154.993	8.34684
154.8	8.34684
155.959	8.34684
156.152	8.34684
156.152	8.34684
156.152	8.34684
156.152	8.34684
156.152	8.34684
156.152	8.34684
156.152	8.34684
156.345	8.34684
156.538	8.34684
156.538	8.34684
156.538	8.34684
156.538	8.34684
156.538	8.34684
156.538	8.34684
156.538	8.34684
157.503	8.18476
157.117	8.18476
156.924	8.18476
158.083	8.18476
158.083	8.02269
160.014	8.02269
160.207	8.18476
160.207	8.18476
160.207	8.34684
160.207	8.50891
160.207	8.83306
160.207	8.83306
160.207	8.83306
160.207	8.99514
160.207	9.15721
160.207	8.02269
160.207	8.02269
160.014	8.02269
160.014	8.02269
160.014	8.02269
160.014	8.02269
160.014	8.18476
160.014	8.50891
160.014	8.50891
160.014	8.83306
160.014	8.02269
160.014	8.02269
160.014	8.02269
159.628	8.02269
159.628	8.02269
159.628	8.02269
159.628	8.02269
159.628	8.02269
159.628	8.02269
159.628	8.02269
159.628	8.02269
160.014	8.02269
160.4	8.02269
160.593	8.18476
160.593	8.18476
160.593	8.34684
160.4	8.34684
160.593	8.50891
160.593	8.67099
160.593	8.99514
160.593	9.31929
160.593	9.31929
160.593	9.31929
160.593	9.31929
160.593	9.48136
160.593	9.64344
160.593	10.1297
160.593	10.4538
160.593	10.4538
160.593	10.4538
160.593	10.4538
160.593	10.4538
160.593	10.4538
160.593	10.4538
160.593	10.2917
160.593	9.96759
160.593	10.1297
160.593	10.1297
160.593	14.0194
160.593	17.9092
160.593	18.2334
160.593	18.8817
160.593	19.2058
160.593	19.53
160.593	19.6921
160.593	20.1783
160.593	20.3404
160.593	20.5024
160.593	20.6645
160.593	20.8266
160.593	21.3128
160.593	21.799
160.593	22.2853
160.593	22.7715
160.593	23.2577
160.4	24.0681
160.593	25.6888
160.593	27.3096
160.593	28.282
160.593	29.2545
160.593	29.5786
160.593	29.9028
160.593	30.389
160.593	30.8752
160.593	31.3614
160.593	32.1718
160.593	32.658
160.593	32.9822
160.593	35.0891
160.593	37.3582
160.593	40.7618
160.786	44.4895
160.979	44.8136
160.979	45.4619
160.979	46.1102
160.979	47.0827
160.979	48.0551
160.979	49.0276
160.979	49.6759
160.979	50.3241
160.979	51.1345
161.172	51.9449
161.172	51.9449
161.172	52.107
161.172	60.5348
161.172	60.5348
161.172	60.5348
161.172	60.5348
161.172	60.6969
161.172	62.3177
161.172	62.8039
161.172	63.6143
161.172	65.5592
161.172	67.5041
161.172	69.4489
161.172	71.3938
160.979	73.987
160.786	76.5802
160.786	77.5527
160.786	78.5251
160.786	79.1734
160.786	80.1459
160.786	81.4425
160.786	83.0632
160.593	83.8736
160.207	84.846
160.207	88.4117
160.207	91.8152
160.207	93.9222
160.207	96.3533
160.207	96.8395
160.207	97.3258
160.207	97.4878
160.207	97.6499
160.014	97.9741
159.821	98.6224
159.821	98.6224
159.821	98.7844
159.821	98.7844
159.821	98.7844
159.821	98.7844
159.821	98.7844
159.628	98.6224
159.628	98.6224
159.628	98.4603
158.083	98.1361
157.89	97.812
158.276	97.812
158.276	97.6499
158.276	97.6499
158.276	97.6499
157.89	97.6499
157.697	97.3258
157.697	97.6499
157.697	97.6499
157.697	97.6499
157.697	97.6499
157.697	97.6499
157.503	97.6499
157.31	97.6499
156.924	97.812
156.924	97.812
156.924	97.812
156.924	97.812
156.731	97.6499
156.731	97.6499
156.538	97.6499
155.379	97.6499
154.8	97.6499
154.8	97.6499
154.993	97.6499
154.993	97.6499
152.676	96.5154
152.483	96.5154
152.097	96.5154
151.903	96.5154
151.71	96.5154
151.517	96.5154
151.71	96.5154
151.517	96.5154
151.71	96.5154
151.71	96.5154
151.71	96.5154
151.71	96.5154
151.71	96.5154
151.71	96.5154
149.393	96.5154
149.393	96.5154
149.393	96.5154
149.393	96.5154
149.393	96.5154
149.393	96.5154
149.393	96.5154
149.393	96.5154
149.393	96.5154
149.393	96.5154
149.393	96.5154
149.393	96.5154
149.393	96.5154
149.393	96.3533
149.393	96.3533
149.393	96.1912
149.393	96.1912
149.393	96.1912
149.393	96.1912
149.393	96.1912
139.159	96.1912
139.159	96.1912
138.772	96.1912
138.579	96.1912
138.966	96.1912
138.772	96.1912
139.159	96.1912
139.159	96.1912
139.159	96.1912
139.159	96.1912
139.159	96.1912
139.159	96.3533
139.159	96.3533
139.159	96.5154
139.159	96.5154
139.159	96.5154
139.159	96.5154
139.159	96.5154
135.876	96.5154
135.876	96.5154
136.069	96.5154
135.876	96.3533
134.138	95.705
134.138	94.8947
134.331	92.9498
133.366	91.0049
133.366	90.1945
130.083	89.3841
128.924	88.8979
128.345	88.4117
128.924	87.4392
128.924	86.4668
128.924	86.1426
128.924	85.8185
128.924	85.4943
128.924	85.1702
122.552	84.0357
121.007	82.9011
119.655	82.2528
119.462	81.6045
119.462	80.3079
119.269	79.0113
118.883	78.6872
118.883	78.363
118.883	77.8768
118.883	77.3906
118.883	76.094
118.883	74.7974
118.883	71.0697
118.883	67.342
118.883	66.2075
118.883	65.0729
118.883	64.7488
118.69	64.4246
118.69	63.6143
107.876	62.8039
108.455	61.9935
108.648	61.1831
108.648	60.859
108.648	60.5348
108.648	58.59
108.648	56.6451
108.648	55.6726
108.648	54.7002
108.648	52.269
108.648	49.8379
108.841	49.1896
108.841	48.5413
100.152	48.2172
99.3793	47.893
98.9931	47.4068
98.4138	46.9206
98.8	46.7585
98.8	46.5964
98.8	46.2723
98.8	46.1102
98.8	45.624
98.8	45.1378
98.8	44.9757
98.8	44.6515
98.8	44.1653
98.8	43.6791
98.8	43.3549
98.8	43.0308
98.8	42.5446
98.8	42.0583
98.6069	41.8963
95.5172	41.8963
95.7103	41.7342
95.7103	41.5721
95.7103	41.41
95.7103	41.248
95.7103	41.248
95.7103	41.248
95.7103	41.5721
95.131	41.5721
95.131	41.7342
95.131	41.7342
95.131	42.0583
95.131	42.0583
95.3241	42.0583
95.3241	39.7893
95.3241	39.4652
95.3241	39.141
93.2	38.8169
93.0069	38.4927
92.8138	38.3306
92.2345	38.1686
91.8483	38.0065
91.6552	38.0065
90.1103	37.5203
91.4621	36.872
91.4621	36.7099
91.4621	36.7099
91.6552	36.5478
91.6552	36.2237
93.3931	35.7374
93.2	35.2512
93.0069	34.9271
93.7793	34.765
94.7448	34.765
95.7103	35.0891
96.6759	35.0891
96.869	35.2512
97.2552	35.0891
97.8345	33.3063
98.0276	32.9822
99.5724	32.658
99.1862	32.1718
99.3793	31.8476
99.3793	31.8476
99.5724	31.8476
99.7655	31.8476
99.7655	31.8476
93.5862	31.6856
93.5862	31.5235
93.5862	31.6856
93.5862	31.6856
98.6069	31.6856
98.6069	31.6856
98.6069	31.3614
98.6069	31.3614
98.6069	31.3614
98.8	31.3614
98.8	31.3614
98.8	31.1994
98.8	31.1994
98.8	31.1994
98.8	30.8752
96.2897	30.389
99.9586	30.389
101.89	30.389
103.434	30.389
104.014	30.389
104.593	30.389
105.172	30.389
105.752	30.7131
106.331	31.1994
108.648	32.8201
108.841	34.4408
108.648	34.6029
108.841	35.0891
109.228	35.2512
110.966	35.7374
113.09	36.0616
115.793	36.3857
118.497	36.5478
118.497	36.7099
118.497	37.5203
118.497	38.3306
118.497	38.6548
118.497	38.9789
125.255	39.141
127.572	39.3031
130.469	42.8687
129.503	42.8687
130.469	42.8687
136.069	42.8687
136.455	45.624
136.648	49.3517
136.648	49.5138
136.262	50
139.159	51.4587
139.931	51.4587
140.51	51.4587
140.897	51.1345
141.862	51.9449
143.021	52.5932
143.6	52.9173
144.179	53.5656
144.759	54.2139
145.338	54.8622
145.917	55.0243
146.11	55.1864
146.303	55.3485
148.814	55.6726
148.814	56.483
148.621	57.4554
148.621	57.7796
148.428	58.1037
148.041	60.5348
147.848	62.966
147.848	63.6143
147.848	64.5867
148.041	65.0729
148.234	65.8833
148.234	66.3695
148.234	66.8558
148.428	67.5041
149.007	68.1524
149.2	68.8006
149.2	69.4489
149.2	70.2593
148.621	71.0697
148.621	71.3938
150.552	71.718
150.745	71.8801
150.745	75.2836
150.745	75.2836